3.24 21:34
相机内参数矩阵:
[[3.72925240e+03 0.00000000e+00 1.60750752e+03]
 [0.00000000e+00 3.71381597e+03 1.18928608e+03]
 [0.00000000e+00 0.00000000e+00 1.00000000e+00]]

畸变系数:
[[ 1.34601983e-01 -2.26680131e-01  1.85297659e-02  4.92873629e-04
   2.27037921e+00]]

重投影误差: 0.02639601354446525

3.24 21:39
相机内参数矩阵:
[[3.85150197e+03 0.00000000e+00 1.64601627e+03]
 [0.00000000e+00 3.85402574e+03 1.07713824e+03]
 [0.00000000e+00 0.00000000e+00 1.00000000e+00]]

畸变系数:
[[0.14105048 0.13474282 0.02285007 0.00286272 1.11133943]]

重投影误差: 0.02741158046473433

3.24 21:45
相机内参数矩阵:
[[3.88671834e+03 0.00000000e+00 1.53240291e+03]
 [0.00000000e+00 3.89086665e+03 1.18037893e+03]
 [0.00000000e+00 0.00000000e+00 1.00000000e+00]]

畸变系数:
[[ 0.07207202  0.00774886  0.01700988 -0.00276955  2.14203828]]

重投影误差: 0.029668546132404477

3.26 14:53
雷达外参
0.0186786,-0.999822,0.00265885,-0.0479719
-0.00361396,-0.00272681,-0.99999,0.00667697
0.999819,0.0186688,-0.00366425,-0.101492
0,0,0,1

3.26 22:02
雷达外参
-0.00886402,-0.999882,-0.0125568,-0.0970687
0.016379,0.0124104,-0.999789,-0.0178171
0.999827,-0.00906781,0.016267,0.174398
0,0,0,1

3.27 15:02
雷达外参
-0.0300935,-0.999328,0.0209201,0.0320248
0.0324635,-0.0218957,-0.999233,-0.097469
0.99902,-0.0293912,0.0331006,-0.0656236
0,0,0,1
